image: nancy_map_res_0_50.pgm
resolution: 0.500000
origin: [-13.500000, -25.000000, 0.0]
negate: 0
occupied_thresh: 0.65
free_thresh: 0.196

