image: nancy_map_res_0_10.pgm
resolution: 0.100000
origin: [-13.200000, -24.900000, 0.0]
negate: 0
occupied_thresh: 0.65
free_thresh: 0.196

